B3 EarlyPool golden  T=100 D=64 W=50 N=96 M=4
E shape (96, 50)  E[0,:min4]=[ 0.4097421  1.3903947  1.3529928 -0.6321965]
S0_x_m0_n0=[0. 5. 0. 5. 3. 5. 4. 6. 5. 6. 3. 4. 2. 2. 0. 2. 4. 6. 2. 1. 2. 1. 1. 4.
 5. 6. 0. 4. 7. 0. 3. 4. 1. 2. 7. 5. 0. 2. 5. 0. 5. 1. 2. 4. 6. 3. 7. 6.
 2. 0. 7. 1. 5. 1. 3. 4. 7. 7. 6. 7. 4. 3. 4. 5. 6. 1. 0. 5. 5. 1. 7. 3.
 5. 4. 0. 0. 5. 7. 4. 1. 4. 2. 4. 2. 5. 2. 2. 0. 5. 2. 0. 4. 3. 0. 2. 0.
 7. 7. 7. 4.]
S1_pre_linear_m0_n0=[ 7.2239323e+00  9.0613842e-01  5.3707104e+00 -1.3061363e+00
  6.6317730e+00  1.4906089e+00 -2.3779402e+00 -1.1256299e+00
  1.9532183e+00  1.6321377e+00 -4.4201307e+00 -4.0066695e-01
  2.0317316e+00 -5.3521352e+00  1.8918285e+00  2.2250295e+00
 -1.5409343e+00 -3.4205799e+00 -1.0789474e+01 -7.8133287e+00
 -1.0378711e+01 -6.5065694e-01 -4.0989637e+00  3.3782408e+00
  3.3356156e+00 -1.0473492e+01  3.4832878e+00 -7.2051268e+00
  1.1682553e+01 -1.5471690e+00 -4.4216108e-01 -3.0815196e+00
  1.2826369e+00 -2.0912290e+00 -3.5448802e+00 -1.3557434e-02
 -1.3849045e+01 -6.2822728e+00 -5.5213928e-01  2.7488871e+00
 -4.1395841e+00  3.2428944e+00 -4.5956326e+00  6.0930042e+00
  5.9893336e+00  4.7785726e+00 -3.3812668e+00  6.4304852e+00
 -2.7776759e+00 -7.3738728e+00  2.0176225e+00 -6.0597019e+00
  8.8061237e+00  5.2438583e+00  4.2013316e+00 -6.7719736e+00
 -3.1670601e+00 -1.7062700e+00 -8.3368987e-01 -2.3043895e+00
 -4.9564033e+00  5.1976042e+00  3.0463047e+00 -2.9542458e+00]
S2_feat_m0_n0=[ 7.2239323  0.9061384  5.3707104  0.         6.631773   1.4906089
  0.         0.         1.9532183  1.6321377  0.         0.
  2.0317316  0.         1.8918285  2.2250295  0.         0.
  0.         0.         0.         0.         0.         3.3782408
  3.3356156  0.         3.4832878  0.        11.682553   0.
  0.         0.         1.2826369  0.         0.         0.
  0.         0.         0.         2.748887   0.         3.2428944
  0.         6.093004   5.9893336  4.7785726  0.         6.4304852
  0.         0.         2.0176225  0.         8.806124   5.2438583
  4.2013316  0.         0.         0.         0.         0.
  0.         5.197604   3.0463047  0.       ]
S7_E_n0=[ 0.4097421   1.3903947   1.3529928  -0.6321965   1.567041    0.78541845
  0.43252423  0.16026707 -0.7596648  -1.1214323   0.6981492  -3.6934829
  0.49961662  0.563088    2.041267   -0.47058648 -1.0010782   0.46685934
 -0.48488078 -2.2818067  -0.61842173 -0.87093145  1.3503903   2.328516
 -0.06071706  0.7504085  -0.04619365 -1.0163238   0.45076534  3.5401402
  1.8911881  -2.193266    1.132914   -1.8826972   1.8565669   0.6365704
 -1.3170484  -0.42778507 -1.9864042   2.9690723  -0.7581027   0.18994436
  1.9979705   0.16543753  1.6315949  -1.6180735  -0.7405708  -0.8723583
 -0.6902437   1.533734  ]
